00000000
00000000
00000000
00000000
11110111
11011111
10111110
11111011
00000000
00000000
00000000
00000000
00000000
01111110
00000000
00000000
01000000
00000000
00001100
00000010
01000000
00000000
00000000
00000010
11111111
11111111
11111111
11111111
01000000
00000000
00000000
00000010
00010000
00000010
00000000
00001000
00010000
00000010
00000000
00001000
00000000
01111110
00000000
00000000
10101010
10101010
10101010
10101010
11111111
11111111
11111111
11111111
11111111
11111111
11111111
11111111
11111111
11111111
11111111
11111111
10111111
11111111
11111111
11111101
00000000
00000000
00000000
00000000
10111111
11111111
11111111
11111101
01010101
01010101
01010101
01010101
00000000
00000000
00000000
00000000
10111111
11111111
11111111
11111101
11101111
11111111
11111111
11110111
00010000
00000010
00000000
00001000
11101111
11111111
11111111
11110111
00000000
11111111
00000000
00000000
01000000
00000000
00000000
00000010
11101111
11111111
11111111
11110111
11111111
10000000
01111111
11111111
10111111
11111111
11111001
11111101
11111111
00000000
00111111
11111111
11111111
10000000
01111111
11111111
01101101
10110110
11011011
01101101
00000000
00000000
00000000
00000000
11101110
11101110
11101101
01110111
01000000
00000000
00000000
00000010
